0
1049600
3673600
5510400
14038400
17908800
62615264
84935760
230166232
269751300
943076878
1413562645
1457742773
1347687685
1490433421
1158759505
1841000155
1049600
3673600
5510400
14038400
17908800
62615264
84935760
230166232
269751300
943076878
1413562645
1457742773
1347687685
1490433421
1158759505
1841000155
1049600
3673600
5510400
14038400
17908800
62615264
84935760
230166232
269751300
943076878
1413562645
1457742773
1347687685
1490433421
1158759505
1841000155
1049600
3673600
5510400
14038400
17908800
62615264
84935760
230166232
269751300
943076878
1413562645
1457742773
1347687685
1490433421
1158759505
1841000155
1049600
3673600
5510400
14038400
17908800
62615264
84935760
230166232
269751300
943076878
1413562645
1457742773
1347687685
1490433421
1158759505
1841000155
1049600
3673600
5510400
14038400
17908800
62615264
84935760
230166232
269751300
943076878
1413562645
